.Random.seed <-
c(403L, 432L, -1749501293L, 1031163046L, -1351764263L, 152151315L, 
-1568430403L, 370124068L, 368584979L, -1798530449L, 114242184L, 
-501895648L, 2006738625L, 1379120265L, 1444100475L, -1424451368L, 
626158222L, -1909898224L, -1145229350L, -188876380L, -325725774L, 
195526470L, -1992724324L, -1244883868L, -519219927L, 790981953L, 
601428132L, 305446336L, 1308633830L, 1724419409L, -57250641L, 
1480313060L, -1507684941L, 223313341L, -1312767450L, -1188009493L, 
1446176727L, 817665055L, 1529722490L, -37131406L, 1889665641L, 
1713182858L, -136878365L, -1557535705L, 253490233L, -1093846954L, 
-2012366168L, -60687062L, 1942417336L, 1542075582L, 1129210391L, 
-787754328L, 1201124420L, -889019190L, -1489020875L, 203791565L, 
1396023027L, 1567852423L, -1324843635L, -739309299L, 2010604442L, 
-1793566537L, -480190420L, -662015583L, -1056101467L, -526008913L, 
656400513L, 1278512305L, 766615637L, 1379040312L, 1277806727L, 
-1362396579L, 923332824L, -1131635196L, 523207518L, -616940492L, 
-1716090171L, 280530338L, -732148431L, 403914051L, 1001451306L, 
841631879L, 816003516L, 1820828157L, 160880153L, 2074908962L, 
613979218L, 778252084L, 1064126061L, 697156750L, -1105801342L, 
1222155155L, 1133726374L, -1223160484L, 282465689L, 452700130L, 
-563063585L, 2008584463L, -730108677L, -420403070L, 152929385L, 
1737075992L, -741536600L, -974632065L, 1675552130L, -250487960L, 
-1164548538L, 331890060L, -1541167535L, 1122312560L, 183408554L, 
28971369L, 231928796L, -1781007079L, -945325082L, -1115165406L, 
1500553319L, -138402589L, 2049652295L, 653786866L, -459798453L, 
689025716L, 950651044L, 851836040L, -795581746L, 1425259926L, 
37379562L, 1494412484L, 1895646455L, -1331248288L, -1329703960L, 
2033129611L, -1944684207L, -1963861486L, -1535927146L, -1163613976L, 
553861652L, -439109325L, -1216959541L, -352305351L, -997908594L, 
-2045210771L, -189285559L, -170653182L, 1248307385L, -1398316535L, 
-1054030167L, 359485868L, -981784723L, -1632310045L, -1181577353L, 
-471097523L, 219801357L, -708905444L, 857992247L, -1309614655L, 
-1479245608L, -1686811076L, -1227428291L, 460915701L, 540167311L, 
37616020L, -1905701323L, -847885897L, 574038953L, 447854175L, 
-220387031L, 1525082179L, 2013741182L, 1086303801L, 1446574620L, 
-1546887781L, -259311664L, 1109968201L, -1549077307L, 371586777L, 
-780944150L, 169425881L, 816928381L, -1190076423L, -115096914L, 
-136716094L, 1533858202L, 794751101L, -558547294L, 1244669205L, 
-600715793L, -1911930377L, -1540313519L, -1927711431L, 1261337956L, 
487396497L, -1163187123L, 473157549L, -1237653280L, 740922315L, 
221001352L, -1482530572L, -178846044L, -1403920752L, 363585687L, 
1887921892L, 1728064784L, 1765764795L, -854148338L, 2093852574L, 
230175313L, 1895430886L, 1005677543L, 284449120L, -934355805L, 
476567527L, -370314163L, -2115670072L, -19529132L, -23907512L, 
360068927L, 1095825494L, 1219312605L, -612516127L, 606440430L, 
-434406320L, 2027600120L, 1276481455L, 2109108446L, -1501923010L, 
829182758L, -444820224L, 53777361L, -364377147L, 1276780723L, 
1647318689L, 592720366L, 1500234256L, 1533781638L, 1854878625L, 
-1082863490L, 968316458L, 521287186L, -1818003566L, -1268731952L, 
2024135733L, -242778356L, 1056281981L, -824287973L, -1817898236L, 
153266050L, 60538164L, 1903354943L, 412079184L, 2138894638L, 
1503975150L, 1867389672L, 762116815L, -1609968906L, 1049755104L, 
-421531697L, 1690219747L, -479108434L, -896687482L, 1120067804L, 
-418452655L, 984730959L, 1724215273L, -460079259L, -1322587699L, 
1365560812L, -1497866626L, -1626622677L, 832004507L, -85833065L, 
1061358128L, -760986125L, 807295440L, 1962674300L, 46021685L, 
981237016L, 1919338606L, -211802744L, 736307679L, 1324358236L, 
-1772289564L, 2112899962L, 588120791L, 788889381L, -93191424L, 
1475093707L, -201275601L, -1464521878L, 1088488695L, 544681400L, 
-1164958576L, 417564095L, 742351228L, -454207699L, -209811562L, 
1169717472L, -858884085L, -1442717278L, 1940175774L, -297453282L, 
329747573L, 627781385L, -1336637807L, -1661682104L, 1533555011L, 
205032592L, 1084830394L, 59414493L, -902117955L, -1370745436L, 
-874732841L, 324006389L, -533254195L, 1140183422L, 1086544257L, 
915386890L, 1703202343L, 1928195393L, 498801613L, 1822142865L, 
-1237807768L, 1979620202L, -709548883L, 2081307156L, 1285363110L, 
327981307L, -2125529044L, -1030177992L, -165195948L, 1006800920L, 
-24602074L, -32588039L, 1452651966L, 20048167L, -237448617L, 
-1930075603L, -1039287705L, -484197820L, -692411062L, 1578099877L, 
-1138030354L, 1538161120L, 901521046L, 299573580L, -905304769L, 
216156779L, -767683650L, 36906232L, 1052826502L, 1126682849L, 
1646903078L, -280723706L, -354215585L, -79867632L, -1378343523L, 
-1394713576L, 1981399860L, 1024600953L, 1013779002L, 1565450497L, 
-1246261663L, -281277304L, 351978887L, 1519217439L, 941650976L, 
1987744967L, 1936780225L, -1860860116L, 755872030L, -610331172L, 
1137218872L, 878048613L, 1210151133L, -199867260L, 967385801L, 
1428575959L, -234419260L, 1339801004L, -731515212L, 1335853597L, 
-135105847L, 1835160415L, -233224231L, -1876021355L, -789042489L, 
-1784228550L, 1110556595L, -1904616561L, 845937073L, 250661716L, 
1578869826L, 2053534402L, -1787584485L, -1166513214L, -687182207L, 
333516585L, 1602886446L, -1298219900L, -2139777487L, -1107337532L, 
-883469552L, -299440618L, -1801008446L, -1849609851L, -494530265L, 
-837110089L, -233303582L, -1710030741L, -405991687L, 711159229L, 
-820918974L, -1745570636L, 1465668019L, 2058898739L, 1584937666L, 
665958810L, 492517490L, -1664481922L, -468472296L, 412176998L, 
285453561L, -693886447L, -189296628L, 2088887762L, -270503282L, 
-2121715269L, 1339216406L, -995067785L, -973184354L, -1432235288L, 
-438961681L, 1277233096L, 1222719121L, 2079485265L, 738340665L, 
-700374115L, -278376259L, -1399897216L, 260860003L, 847454546L, 
-1182844726L, -760527912L, 51927544L, -1276051174L, 751040760L, 
-1919230592L, 1197526484L, -1721347814L, 1283628209L, 568142289L, 
1367135245L, 1639791635L, 1254328109L, -1021244404L, -584539746L, 
-1104735004L, 492423310L, 1845499006L, -1017342442L, -1359397505L, 
-1776842154L, 891919663L, 562458655L, -1691902040L, 407962873L, 
1184882076L, -149113132L, -1103588717L, 1393248804L, 1738060229L, 
-382963489L, 1950783544L, 658031880L, -117252729L, 1714196343L, 
740621172L, -1008814936L, 864869033L, 1925166175L, 1611190342L, 
421515901L, -265009764L, -2133524399L, -338081935L, 1876930041L, 
1932734863L, -81014209L, 1705652970L, -449353419L, -1689380903L, 
-1725881953L, 1292027983L, 1637570733L, 1465538550L, -591651086L, 
-129154468L, 764313058L, 1852013565L, 1289474520L, 1100590897L, 
-1326871718L, 1620866366L, -1805075382L, -227130886L, 167483774L, 
293720480L, -204306222L, 289609265L, 796930189L, -382681570L, 
-444818516L, -1898063514L, 1212496759L, 1101947835L, -1042553323L, 
740550710L, 147922462L, 1582962602L, 2001543737L, -1921227652L, 
1779265022L, -2078148105L, 1810021789L, -907127331L, -2093154868L, 
-296331829L, 1976417395L, -1223582469L, 64972340L, 1890426102L, 
-597374908L, 39970060L, 1199764015L, 847160081L, 644324383L, 
1665881658L, -1100044840L, 1929790342L, -631814434L, 540485729L, 
-625412866L, 206837903L, 633140344L, -424125002L, 1457663982L, 
-1256750618L, 985404032L, 532123116L, 614709584L, 1324162241L, 
-21694211L, 107390842L, -1679915537L, 1044947092L, 566468788L, 
1793787971L, -1024172951L, -2090028058L, 448002977L, 513100529L, 
655179858L, -1569111131L, -60227264L, -712299882L, 1875949426L, 
1567240924L, 454954907L, -21972827L, -1735287795L, 1003004482L, 
-1737655372L, -572829182L, -1772901853L, -2136570339L, -1121274174L, 
-1957249240L, -64781817L, 1933923200L, 657316225L, -1564759521L, 
1878908003L, -1670930861L, 1723754396L, 2069765514L, 1660594649L, 
401110157L, 1644394628L, 1985329318L, -33556700L, -1688548818L, 
532327823L, 1361798521L, -1126376276L, -8398953L, -1610724333L, 
633069289L, 971564279L, 1682591786L, -1703540522L, 87128057L, 
842945678L, -714746792L, 985388142L, -1593992276L, 285855681L, 
